    0   64  10.00000    .03000
  1 10  5  2 -1 -1 -1 -1 43 43 -1 -1 64 -1 -1 -1 -1 -1 43  0
  .11691204E+15 -.11691204E+15  .53713164E+04  .10000000E+01  .37324571E+01
  .43106167E+01  .00000000E+00  .00000000E+00  .10000000E-01  .31186899E+01
  .00000000E+00  .10000000E-02
  .0500  .1500  .0500  .0500  .1000
  .0500  .1500  .0500  .0500  .0500
   .70000  9.00000  9.00000  200
   1  .17194163E+02  .20211920E+01  .00000000E+00  .00000000E+00  .69999999E+00
   2  .27000000E+00  .47610019E-02  .15060006E-01  .17355007E-02  .00000000E+00
   3  .00000000E+00  .00000000E+00  .00000000E+00  .00000000E+00  .00000000E+00
   4  .00000000E+00  .00000000E+00  .00000000E+00  .00000000E+00  .59572957E+01
   5  .17187845E+02  .20098816E+01 -.20919980E+01  .31115256E-01  .69999999E+00
   6  .27000000E+00  .47610019E-02  .15060006E-01  .17355007E-02  .10000000E-01
   7  .00000000E+00  .00000000E+00  .00000000E+00  .00000000E+00  .00000000E+00
   8  .00000000E+00  .00000000E+00  .00000000E+00  .00000000E+00  .30095801E+05
   9  .17187177E+02  .20086908E+01 -.20419075E+01  .35894341E-01  .69999999E+00
  10  .27000000E+00  .47610019E-02  .15060006E-01  .17355007E-02  .11611651E-01
  11  .00000000E+00  .00000000E+00  .00000000E+00  .00000000E+00  .00000000E+00
  12  .00000000E+00  .00000000E+00  .00000000E+00  .00000000E+00  .29923872E+05
  13  .17186439E+02  .20073754E+01 -.19918299E+01  .41371901E-01  .69999999E+00
  14  .27000000E+00  .47610019E-02  .15060006E-01  .17355007E-02  .13481767E-01
  15  .00000000E+00  .00000000E+00  .00000000E+00  .00000000E+00  .00000000E+00
  16  .00000000E+00  .00000000E+00  .00000000E+00  .00000000E+00  .29732725E+05
  17  .17185623E+02  .20059225E+01 -.19417637E+01  .47640868E-01  .69999999E+00
  18  .27000000E+00  .47610019E-02  .15060006E-01  .17355007E-02  .15651500E-01
  19  .00000000E+00  .00000000E+00  .00000000E+00  .00000000E+00  .00000000E+00
  20  .00000000E+00  .00000000E+00  .00000000E+00  .00000000E+00  .29520989E+05
  21  .17184721E+02  .20043177E+01 -.18917076E+01  .54804232E-01  .69999999E+00
  22  .27000000E+00  .47610019E-02  .15060006E-01  .17355007E-02  .18168478E-01
  23  .00000000E+00  .00000000E+00  .00000000E+00  .00000000E+00  .00000000E+00
  24  .00000000E+00  .00000000E+00  .00000000E+00  .00000000E+00  .29287283E+05
  25  .17183724E+02  .20025453E+01 -.18416602E+01  .62975296E-01  .69999999E+00
  26  .27000000E+00  .47610019E-02  .15060006E-01  .17355007E-02  .21087795E-01
  27  .00000000E+00  .00000000E+00  .00000000E+00  .00000000E+00  .00000000E+00
  28  .00000000E+00  .00000000E+00  .00000000E+00  .00000000E+00  .29030121E+05
  29  .17182623E+02  .20005877E+01 -.17916205E+01  .72277834E-01  .69999999E+00
  30  .27000000E+00  .47610019E-02  .15060006E-01  .17355007E-02  .24473158E-01
  31  .00000000E+00  .00000000E+00  .00000000E+00  .00000000E+00  .00000000E+00
  32  .00000000E+00  .00000000E+00  .00000000E+00  .00000000E+00  .28747914E+05
  33  .17181405E+02  .19984257E+01 -.17415876E+01  .82845961E-01  .69999999E+00
  34  .27000000E+00  .47610019E-02  .15060006E-01  .17355007E-02  .28398197E-01
  35  .00000000E+00  .00000000E+00  .00000000E+00  .00000000E+00  .00000000E+00
  36  .00000000E+00  .00000000E+00  .00000000E+00  .00000000E+00  .28438990E+05
  37  .17180060E+02  .19960381E+01 -.16915604E+01  .94823599E-01  .69999999E+00
  38  .27000000E+00  .47610019E-02  .15060006E-01  .17355007E-02  .32947963E-01
  39  .00000000E+00  .00000000E+00  .00000000E+00  .00000000E+00  .00000000E+00
  40  .00000000E+00  .00000000E+00  .00000000E+00  .00000000E+00  .28101608E+05
  41  .17178572E+02  .19934013E+01 -.16415382E+01  .10836345E+00  .69999999E+00
  42  .27000000E+00  .47610019E-02  .15060006E-01  .17355007E-02  .38220642E-01
  43  .00000000E+00  .00000000E+00  .00000000E+00  .00000000E+00  .00000000E+00
  44  .00000000E+00  .00000000E+00  .00000000E+00  .00000000E+00  .27733983E+05
  45  .17176928E+02  .19904897E+01 -.15915202E+01  .12362532E+00  .69999999E+00
  46  .27000000E+00  .47610019E-02  .15060006E-01  .17355007E-02  .44329508E-01
  47  .00000000E+00  .00000000E+00  .00000000E+00  .00000000E+00  .00000000E+00
  48  .00000000E+00  .00000000E+00  .00000000E+00  .00000000E+00  .27334312E+05
  49  .17175110E+02  .19872747E+01 -.15415056E+01  .14077362E+00  .69999999E+00
  50  .27000000E+00  .47610019E-02  .15060006E-01  .17355007E-02  .51405148E-01
  51  .00000000E+00  .00000000E+00  .00000000E+00  .00000000E+00  .00000000E+00
  52  .00000000E+00  .00000000E+00  .00000000E+00  .00000000E+00  .26900809E+05
  53  .17173101E+02  .19837250E+01 -.14914938E+01  .15997398E+00  .69999999E+00
  54  .27000000E+00  .47610019E-02  .15060006E-01  .17355007E-02  .59597981E-01
  55  .00000000E+00  .00000000E+00  .00000000E+00  .00000000E+00  .00000000E+00
  56  .00000000E+00  .00000000E+00  .00000000E+00  .00000000E+00  .26431742E+05
  57  .17170879E+02  .19798060E+01 -.14414842E+01  .18138866E+00  .69999999E+00
  58  .27000000E+00  .47610019E-02  .15060006E-01  .17355007E-02  .69081117E-01
  59  .00000000E+00  .00000000E+00  .00000000E+00  .00000000E+00  .00000000E+00
  60  .00000000E+00  .00000000E+00  .00000000E+00  .00000000E+00  .25925485E+05
  61  .17168422E+02  .19754796E+01 -.13914760E+01  .20517077E+00  .69999999E+00
  62  .27000000E+00  .47610019E-02  .15060006E-01  .17355007E-02  .80053573E-01
  63  .00000000E+00  .00000000E+00  .00000000E+00  .00000000E+00  .00000000E+00
  64  .00000000E+00  .00000000E+00  .00000000E+00  .00000000E+00  .25380569E+05
  65  .17165706E+02  .19707041E+01 -.13414689E+01  .23145703E+00  .69999999E+00
  66  .27000000E+00  .47610019E-02  .15060006E-01  .17355007E-02  .92743898E-01
  67  .00000000E+00  .00000000E+00  .00000000E+00  .00000000E+00  .00000000E+00
  68  .00000000E+00  .00000000E+00  .00000000E+00  .00000000E+00  .24795753E+05
  69  .17162702E+02  .19654332E+01 -.12914623E+01  .26035910E+00  .69999999E+00
  70  .27000000E+00  .47610019E-02  .15060006E-01  .17355007E-02  .10741422E+00
  71  .00000000E+00  .00000000E+00  .00000000E+00  .00000000E+00  .00000000E+00
  72  .00000000E+00  .00000000E+00  .00000000E+00  .00000000E+00  .24170093E+05
  73  .17159380E+02  .19596164E+01 -.12414559E+01  .29195346E+00  .69999999E+00
  74  .27000000E+00  .47610019E-02  .15060006E-01  .17355007E-02  .12436474E+00
  75  .00000000E+00  .00000000E+00  .00000000E+00  .00000000E+00  .00000000E+00
  76  .00000000E+00  .00000000E+00  .00000000E+00  .00000000E+00  .23503023E+05
  77  .17155706E+02  .19531978E+01 -.11914494E+01  .32626998E+00  .69999999E+00
  78  .27000000E+00  .47610019E-02  .15060006E-01  .17355007E-02  .14393875E+00
  79  .00000000E+00  .00000000E+00  .00000000E+00  .00000000E+00  .00000000E+00
  80  .00000000E+00  .00000000E+00  .00000000E+00  .00000000E+00  .22794448E+05
  81  .17151641E+02  .19461162E+01 -.11414426E+01  .36326082E+00  .69999999E+00
  82  .27000000E+00  .47610019E-02  .15060006E-01  .17355007E-02  .16652807E+00
  83  .00000000E+00  .00000000E+00  .00000000E+00  .00000000E+00  .00000000E+00
  84  .00000000E+00  .00000000E+00  .00000000E+00  .00000000E+00  .22043702E+05
  85  .17147144E+02  .19383043E+01 -.10914357E+01  .40278676E+00  .69999999E+00
  86  .27000000E+00  .47610019E-02  .15060006E-01  .17355007E-02  .19257903E+00
  87  .00000000E+00  .00000000E+00  .00000000E+00  .00000000E+00  .00000000E+00
  88  .00000000E+00  .00000000E+00  .00000000E+00  .00000000E+00  .21250337E+05
  89  .17142169E+02  .19296884E+01 -.10414288E+01  .44463574E+00  .69999999E+00
  90  .27000000E+00  .47610019E-02  .15060006E-01  .17355007E-02  .22259891E+00
  91  .00000000E+00  .00000000E+00  .00000000E+00  .00000000E+00  .00000000E+00
  92  .00000000E+00  .00000000E+00  .00000000E+00  .00000000E+00  .20416112E+05
  93  .17136663E+02  .19201873E+01 -.99142268E+00  .48851097E+00  .69999999E+00
  94  .27000000E+00  .47610019E-02  .15060006E-01  .17355007E-02  .25716269E+00
  95  .00000000E+00  .00000000E+00  .00000000E+00  .00000000E+00  .00000000E+00
  96  .00000000E+00  .00000000E+00  .00000000E+00  .00000000E+00  .19544378E+05
  97  .17130568E+02  .19097126E+01 -.94141828E+00  .53401265E+00  .69999999E+00
  98  .27000000E+00  .47610019E-02  .15060006E-01  .17355007E-02  .29692023E+00
  99  .00000000E+00  .00000000E+00  .00000000E+00  .00000000E+00  .00000000E+00
 100  .00000000E+00  .00000000E+00  .00000000E+00  .00000000E+00  .18639373E+05
 101  .17123821E+02  .18981669E+01 -.89141719E+00  .58063554E+00  .69999999E+00
 102  .27000000E+00  .47610019E-02  .15060006E-01  .17355007E-02  .34260347E+00
 103  .00000000E+00  .00000000E+00  .00000000E+00  .00000000E+00  .00000000E+00
 104  .00000000E+00  .00000000E+00  .00000000E+00  .00000000E+00  .17706282E+05
 105  .17116349E+02  .18854443E+01 -.84142165E+00  .62777326E+00  .69999999E+00
 106  .27000000E+00  .47610019E-02  .15060006E-01  .17355007E-02  .39503358E+00
 107  .00000000E+00  .00000000E+00  .00000000E+00  .00000000E+00  .00000000E+00
 108  .00000000E+00  .00000000E+00  .00000000E+00  .00000000E+00  .16751252E+05
 109  .17108074E+02  .18714289E+01 -.79143482E+00  .67473085E+00  .69999999E+00
 110  .27000000E+00  .47610019E-02  .15060006E-01  .17355007E-02  .45512767E+00
 111  .00000000E+00  .00000000E+00  .00000000E+00  .00000000E+00  .00000000E+00
 112  .00000000E+00  .00000000E+00  .00000000E+00  .00000000E+00  .15781366E+05
 113  .17098905E+02  .18559943E+01 -.74146098E+00  .72074693E+00  .69999999E+00
 114  .27000000E+00  .47610019E-02  .15060006E-01  .17355007E-02  .52390455E+00
 115  .00000000E+00  .00000000E+00  .00000000E+00  .00000000E+00  .00000000E+00
 116  .00000000E+00  .00000000E+00  .00000000E+00  .00000000E+00  .14804565E+05
 117  .17088744E+02  .18389209E+01 -.69150394E+00  .76502452E+00  .69999999E+00
 118  .27000000E+00  .47610019E-02  .15060006E-01  .17355007E-02  .60248899E+00
 119  .00000000E+00  .00000000E+00  .00000000E+00  .00000000E+00  .00000000E+00
 120  .00000000E+00  .00000000E+00  .00000000E+00  .00000000E+00  .13828442E+05
 121  .17077454E+02  .18197024E+01 -.64144825E+00  .80685815E+00  .69999999E+00
 122  .27000000E+00  .47610019E-02  .15060006E-01  .17355007E-02  .69232801E+00
 123  .00000000E+00  .00000000E+00  .00000000E+00  .00000000E+00  .00000000E+00
 124  .00000000E+00  .00000000E+00  .00000000E+00  .00000000E+00  .12856420E+05
 125  .17064930E+02  .17986118E+01 -.59140636E+00  .84540644E+00  .69999999E+00
 126  .27000000E+00  .47610019E-02  .15060006E-01  .17355007E-02  .79461022E+00
 127  .00000000E+00  .00000000E+00  .00000000E+00  .00000000E+00  .00000000E+00
 128  .00000000E+00  .00000000E+00  .00000000E+00  .00000000E+00  .11905404E+05
 129  .17051032E+02  .17754849E+01 -.54139065E+00  .88005224E+00  .69999999E+00
 130  .27000000E+00  .47610019E-02  .15060006E-01  .17355007E-02  .91079594E+00
 131  .00000000E+00  .00000000E+00  .00000000E+00  .00000000E+00  .00000000E+00
 132  .00000000E+00  .00000000E+00  .00000000E+00  .00000000E+00  .10984976E+05
 133  .17035606E+02  .17493248E+01 -.49139891E+00  .91029251E+00  .69999999E+00
 134  .27000000E+00  .47610019E-02  .15060006E-01  .17355007E-02  .10424369E+01
 135  .00000000E+00  .00000000E+00  .00000000E+00  .00000000E+00  .00000000E+00
 136  .00000000E+00  .00000000E+00  .00000000E+00  .00000000E+00  .10123992E+05
 137  .17018526E+02  .17175252E+01 -.44143541E+00  .93565332E+00  .69999999E+00
 138  .27000000E+00  .47610019E-02  .15060006E-01  .17355007E-02  .11909193E+01
 139  .00000000E+00  .00000000E+00  .00000000E+00  .00000000E+00  .00000000E+00
 140  .00000000E+00  .00000000E+00  .00000000E+00  .00000000E+00  .93766664E+04
 141  .16999588E+02  .16824245E+01 -.39133786E+00  .95608696E+00  .69999999E+00
 142  .27000000E+00  .47610019E-02  .15060006E-01  .17355007E-02  .13582190E+01
 143  .00000000E+00  .00000000E+00  .00000000E+00  .00000000E+00  .00000000E+00
 144  .00000000E+00  .00000000E+00  .00000000E+00  .00000000E+00  .86719426E+04
 145  .16978680E+02  .16438717E+01 -.34132426E+00  .97186546E+00  .69999999E+00
 146  .27000000E+00  .47610019E-02  .15060006E-01  .17355007E-02  .15452828E+01
 147  .00000000E+00  .00000000E+00  .00000000E+00  .00000000E+00  .00000000E+00
 148  .00000000E+00  .00000000E+00  .00000000E+00  .00000000E+00  .80198419E+04
 149  .16955574E+02  .16015266E+01 -.29135723E+00  .98356604E+00  .69999999E+00
 150  .27000000E+00  .47610019E-02  .15060006E-01  .17355007E-02  .17538040E+01
 151  .00000000E+00  .00000000E+00  .00000000E+00  .00000000E+00  .00000000E+00
 152  .00000000E+00  .00000000E+00  .00000000E+00  .00000000E+00  .74246210E+04
 153  .16929946E+02  .15548927E+01 -.24127991E+00  .99188188E+00  .69999999E+00
 154  .27000000E+00  .47610019E-02  .15060006E-01  .17355007E-02  .19860558E+01
 155  .00000000E+00  .00000000E+00  .00000000E+00  .00000000E+00  .00000000E+00
 156  .00000000E+00  .00000000E+00  .00000000E+00  .00000000E+00  .68875614E+04
 157  .16901640E+02  .15038207E+01 -.19134291E+00  .99744990E+00  .69999999E+00
 158  .27000000E+00  .47610019E-02  .15060006E-01  .17355007E-02  .22423137E+01
 159  .00000000E+00  .00000000E+00  .00000000E+00  .00000000E+00  .00000000E+00
 160  .00000000E+00  .00000000E+00  .00000000E+00  .00000000E+00  .64123924E+04
 161  .16870163E+02  .14475937E+01 -.14126304E+00  .10009692E+01  .69999999E+00
 162  .27000000E+00  .47610019E-02  .15060006E-01  .17355007E-02  .25253054E+01
 163  .00000000E+00  .00000000E+00  .00000000E+00  .00000000E+00  .00000000E+00
 164  .00000000E+00  .00000000E+00  .00000000E+00  .00000000E+00  .59962794E+04
 165  .16835266E+02  .13859949E+01 -.91271099E-01  .10030515E+01  .69999999E+00
 166  .27000000E+00  .47610019E-02  .15060006E-01  .17355007E-02  .28347734E+01
 167  .00000000E+00  .00000000E+00  .00000000E+00  .00000000E+00  .00000000E+00
 168  .00000000E+00  .00000000E+00  .00000000E+00  .00000000E+00  .56403595E+04
 169  .16801531E+02  .13258104E+01 -.47645885E-01  .10040632E+01  .69999999E+00
 170  .27000000E+00  .47610019E-02  .15060006E-01  .17355007E-02  .31286899E+01
 171  .00000000E+00  .00000000E+00  .00000000E+00  .00000000E+00  .00000000E+00
 172  .00000000E+00  .00000000E+00  .00000000E+00  .00000000E+00  .53674516E+04
 173  .16796631E+02  .13170697E+01 -.41310080E-01  .10042102E+01  .69999999E+00
 174  .27000000E+00  .47610019E-02  .15060006E-01  .17355007E-02  .31713762E+01
 175  .00000000E+00  .00000000E+00  .00000000E+00  .00000000E+00  .00000000E+00
 176  .00000000E+00  .00000000E+00  .00000000E+00  .00000000E+00  .53322425E+04
 177  .16754822E+02  .12400987E+01  .87703383E-02  .10048174E+01  .69999999E+00
 178  .27000000E+00  .47610019E-02  .15060006E-01  .17355007E-02  .35358318E+01
 179  .00000000E+00  .00000000E+00  .00000000E+00  .00000000E+00  .00000000E+00
 180  .00000000E+00  .00000000E+00  .00000000E+00  .00000000E+00  .50515462E+04
 181  .16710826E+02  .11534185E+01  .58799011E-01  .10051239E+01  .69999999E+00
 182  .27000000E+00  .47610019E-02  .15060006E-01  .17355007E-02  .39256611E+01
 183  .00000000E+00  .00000000E+00  .00000000E+00  .00000000E+00  .00000000E+00
 184  .00000000E+00  .00000000E+00  .00000000E+00  .00000000E+00  .47731581E+04
 185  .16664457E+02  .10562196E+01  .10880228E+00  .10052809E+01  .69999999E+00
 186  .27000000E+00  .47610019E-02  .15060006E-01  .17355007E-02  .43386040E+01
 187  .00000000E+00  .00000000E+00  .00000000E+00  .00000000E+00  .00000000E+00
 188  .00000000E+00  .00000000E+00  .00000000E+00  .00000000E+00  .45509694E+04
 189  .16615601E+02  .94779451E+00  .15873042E+00  .10053645E+01  .69999999E+00
 190  .27000000E+00  .47610019E-02  .15060006E-01  .17355007E-02  .47708050E+01
 191  .00000000E+00  .00000000E+00  .00000000E+00  .00000000E+00  .00000000E+00
 192  .00000000E+00  .00000000E+00  .00000000E+00  .00000000E+00  .43262133E+04
 193  .16565451E+02  .82711392E+00  .20745585E+00  .10054114E+01  .69999999E+00
 194  .27000000E+00  .47610019E-02  .15060006E-01  .17355007E-02  .52069326E+01
 195  .00000000E+00  .00000000E+00  .00000000E+00  .00000000E+00  .00000000E+00
 196  .00000000E+00  .00000000E+00  .00000000E+00  .00000000E+00  .41379565E+04
 197  .16515508E+02  .69680417E+00  .25337034E+00  .10054389E+01  .69999999E+00
 198  .27000000E+00  .47610019E-02  .15060006E-01  .17355007E-02  .56247226E+01
 199  .00000000E+00  .00000000E+00  .00000000E+00  .00000000E+00  .00000000E+00
 200  .00000000E+00  .00000000E+00  .00000000E+00  .00000000E+00  .40756331E+04
 201  .16465325E+02  .56348119E+00  .29684109E+00  .10054560E+01  .69999999E+00
 202  .27000000E+00  .47610019E-02  .15060006E-01  .17355007E-02  .60211719E+01
 203  .00000000E+00  .00000000E+00  .00000000E+00  .00000000E+00  .00000000E+00
 204  .00000000E+00  .00000000E+00  .00000000E+00  .00000000E+00  .40147123E+04
 205  .16415451E+02  .42814594E+00  .33776935E+00  .10054669E+01  .69999999E+00
 206  .27000000E+00  .47610019E-02  .15060006E-01  .17355007E-02  .63915595E+01
 207  .00000000E+00  .00000000E+00  .00000000E+00  .00000000E+00  .00000000E+00
 208  .00000000E+00  .00000000E+00  .00000000E+00  .00000000E+00  .39476260E+04
 209  .16365492E+02  .28843912E+00  .37690855E+00  .10054740E+01  .69999999E+00
 210  .27000000E+00  .47610019E-02  .15060006E-01  .17355007E-02  .67396400E+01
 211  .00000000E+00  .00000000E+00  .00000000E+00  .00000000E+00  .00000000E+00
 212  .00000000E+00  .00000000E+00  .00000000E+00  .00000000E+00  .38629592E+04
 213  .16315529E+02  .14563370E+00  .41457119E+00  .10054786E+01  .69999999E+00
 214  .27000000E+00  .47610019E-02  .15060006E-01  .17355007E-02  .70659751E+01
 215  .00000000E+00  .00000000E+00  .00000000E+00  .00000000E+00  .00000000E+00
 216  .00000000E+00  .00000000E+00  .00000000E+00  .00000000E+00  .37615617E+04
 217  .16265823E+02 -.49833254E-03  .45089569E+00  .10054816E+01  .69999999E+00
 218  .27000000E+00  .47610019E-02  .15060006E-01  .17355007E-02  .73703500E+01
 219  .00000000E+00  .00000000E+00  .00000000E+00  .00000000E+00  .00000000E+00
 220  .00000000E+00  .00000000E+00  .00000000E+00  .00000000E+00  .36375972E+04
 221  .16216995E+02 -.14998359E+00  .48559635E+00  .10054836E+01  .69999999E+00
 222  .27000000E+00  .47610019E-02  .15060006E-01  .17355007E-02  .76493624E+01
 223  .00000000E+00  .00000000E+00  .00000000E+00  .00000000E+00  .00000000E+00
 224  .00000000E+00  .00000000E+00  .00000000E+00  .00000000E+00  .35600042E+04
 225  .16169186E+02 -.29947066E+00  .51873177E+00  .10054848E+01  .69999999E+00
 226  .27000000E+00  .47610019E-02  .15060006E-01  .17355007E-02  .79033709E+01
 227  .00000000E+00  .00000000E+00  .00000000E+00  .00000000E+00  .00000000E+00
 228  .00000000E+00  .00000000E+00  .00000000E+00  .00000000E+00  .34590575E+04
 229  .16122735E+02 -.44935092E+00  .55042541E+00  .10054856E+01  .69999999E+00
 230  .27000000E+00  .47610019E-02  .15060006E-01  .17355007E-02  .81339147E+01
 231  .00000000E+00  .00000000E+00  .00000000E+00  .00000000E+00  .00000000E+00
 232  .00000000E+00  .00000000E+00  .00000000E+00  .00000000E+00  .33305926E+04
 233  .16077972E+02 -.60291484E+00  .58017596E+00  .10054860E+01  .69999999E+00
 234  .27000000E+00  .47610019E-02  .15060006E-01  .17355007E-02  .83378121E+01
 235  .00000000E+00  .00000000E+00  .00000000E+00  .00000000E+00  .00000000E+00
 236  .00000000E+00  .00000000E+00  .00000000E+00  .00000000E+00  .33604291E+04
 237  .16033790E+02 -.75302357E+00  .60829322E+00  .10054863E+01  .69999999E+00
 238  .27000000E+00  .47610019E-02  .15060006E-01  .17355007E-02  .85183820E+01
 239  .00000000E+00  .00000000E+00  .00000000E+00  .00000000E+00  .00000000E+00
 240  .00000000E+00  .00000000E+00  .00000000E+00  .00000000E+00  .34010968E+04
 241  .15988788E+02 -.90338518E+00  .63570641E+00  .10054865E+01  .69999999E+00
 242  .27000000E+00  .47610019E-02  .15060006E-01  .17355007E-02  .86830316E+01
 243  .00000000E+00  .00000000E+00  .00000000E+00  .00000000E+00  .00000000E+00
 244  .00000000E+00  .00000000E+00  .00000000E+00  .00000000E+00  .34333770E+04
 245  .15943610E+02 -.10544344E+01  .66215796E+00  .10054866E+01  .69999999E+00
 246  .27000000E+00  .47610019E-02  .15060006E-01  .17355007E-02  .88311781E+01
 247  .00000000E+00  .00000000E+00  .00000000E+00  .00000000E+00  .00000000E+00
 248  .00000000E+00  .00000000E+00  .00000000E+00  .00000000E+00  .34442108E+04
 249  .15898103E+02 -.12047076E+01  .68782184E+00  .10054867E+01  .69999999E+00
 250  .27000000E+00  .47610019E-02  .15060006E-01  .17355007E-02  .89648627E+01
 251  .00000000E+00  .00000000E+00  .00000000E+00  .00000000E+00  .00000000E+00
 252  .00000000E+00  .00000000E+00  .00000000E+00  .00000000E+00  .34656638E+04
 253  .15885235E+02 -.12467004E+01  .69489210E+00  .10054867E+01  .69999999E+00
 254  .27000000E+00  .47610019E-02  .15060006E-01  .17355007E-02  .90000000E+01
 255  .00000000E+00  .00000000E+00  .00000000E+00  .00000000E+00  .00000000E+00
 256  .00000000E+00  .00000000E+00  .00000000E+00  .00000000E+00  .34818573E+04
   .7000000E+00   .7000000E+00   .7000000E+00   .7000000E+00   .7000000E+00
   .7000000E+00   .7000000E+00   .7000000E+00   .7000000E+00   .7000000E+00
   .7000000E+00   .7000000E+00   .7000000E+00   .7000000E+00   .7000000E+00
   .7000000E+00   .7000000E+00   .7000000E+00   .7000000E+00   .7000000E+00
   .7000000E+00   .7000000E+00   .7000000E+00   .7000000E+00   .7000000E+00
   .7000000E+00   .7000000E+00   .7000000E+00   .7000000E+00   .7000000E+00
   .7000000E+00   .7000000E+00   .7000000E+00   .7000000E+00   .7000000E+00
   .7000000E+00   .7000000E+00   .7000000E+00   .7000000E+00   .7000000E+00
   .7000000E+00   .7000000E+00   .7000000E+00   .7000000E+00   .7000000E+00
   .7000000E+00   .7000000E+00   .7000000E+00   .7000000E+00   .7000000E+00
   .7000000E+00   .7000000E+00   .7000000E+00   .7000000E+00   .7000000E+00
   .7000000E+00   .7000000E+00   .7000000E+00   .7000000E+00   .7000000E+00
   .7000000E+00   .7000000E+00   .7000000E+00   .7000000E+00
   .2700000E+00   .2700000E+00   .2700000E+00   .2700000E+00   .2700000E+00
   .2700000E+00   .2700000E+00   .2700000E+00   .2700000E+00   .2700000E+00
   .2700000E+00   .2700000E+00   .2700000E+00   .2700000E+00   .2700000E+00
   .2700000E+00   .2700000E+00   .2700000E+00   .2700000E+00   .2700000E+00
   .2700000E+00   .2700000E+00   .2700000E+00   .2700000E+00   .2700000E+00
   .2700000E+00   .2700000E+00   .2700000E+00   .2700000E+00   .2700000E+00
   .2700000E+00   .2700000E+00   .2700000E+00   .2700000E+00   .2700000E+00
   .2700000E+00   .2700000E+00   .2700000E+00   .2700000E+00   .2700000E+00
   .2700000E+00   .2700000E+00   .2700000E+00   .2700000E+00   .2700000E+00
   .2700000E+00   .2700000E+00   .2700000E+00   .2700000E+00   .2700000E+00
   .2700000E+00   .2700000E+00   .2700000E+00   .2700000E+00   .2700000E+00
   .2700000E+00   .2700000E+00   .2700000E+00   .2700000E+00   .2700000E+00
   .2700000E+00   .2700000E+00   .2700000E+00   .2700000E+00
