    0   66   1.00000    .03000
  1 10  5  2 -1 -1 -1 -1  2  2 -1 -1 66 -1 -1 -1 -1 -1  2  0
  .32561575E+17 -.32561575E+17  .76777612E+00  .10000000E+01 -.11200764E+00
  .36723896E+01  .00000000E+00  .00000000E+00  .10000000E-02  .00000000E+00
  .00000000E+00  .10000000E-02
  .0500  .1500  .0500  .0500  .1000
  .0500  .1500  .0500  .0500  .0500
   .70000   .90000   .90000  200
   1  .16423671E+02  .44884788E+01  .00000000E+00  .00000000E+00  .69999999E+00
   2  .27000000E+00  .47610019E-02  .15060006E-01  .17355007E-02  .00000000E+00
   3  .00000000E+00  .00000000E+00  .00000000E+00  .00000000E+00  .00000000E+00
   4  .00000000E+00  .00000000E+00  .00000000E+00  .00000000E+00  .94551721E+00
   5  .16415902E+02  .44756455E+01 -.36816514E+01  .98195870E-02  .69999999E+00
   6  .27000000E+00  .47610019E-02  .15060006E-01  .17355007E-02  .10000000E-02
   7  .00000000E+00  .00000000E+00  .00000000E+00  .00000000E+00  .00000000E+00
   8  .00000000E+00  .00000000E+00  .00000000E+00  .00000000E+00  .72061048E+00
   9  .16415087E+02  .44742843E+01 -.36315609E+01  .11367080E-01  .69999999E+00
  10  .27000000E+00  .47610019E-02  .15060006E-01  .17355007E-02  .11610531E-02
  11  .00000000E+00  .00000000E+00  .00000000E+00  .00000000E+00  .00000000E+00
  12  .00000000E+00  .00000000E+00  .00000000E+00  .00000000E+00  .72012497E+00
  13  .16414188E+02  .44727798E+01 -.35814830E+01  .13153281E-01  .69999999E+00
  14  .27000000E+00  .47610019E-02  .15060006E-01  .17355007E-02  .13479019E-02
  15  .00000000E+00  .00000000E+00  .00000000E+00  .00000000E+00  .00000000E+00
  16  .00000000E+00  .00000000E+00  .00000000E+00  .00000000E+00  .71960494E+00
  17  .16413195E+02  .44711168E+01 -.35314163E+01  .15213091E-01  .69999999E+00
  18  .27000000E+00  .47610019E-02  .15060006E-01  .17355007E-02  .15646446E-02
  19  .00000000E+00  .00000000E+00  .00000000E+00  .00000000E+00  .00000000E+00
  20  .00000000E+00  .00000000E+00  .00000000E+00  .00000000E+00  .71902059E+00
  21  .16412098E+02  .44692783E+01 -.34813594E+01  .17586570E-01  .69999999E+00
  22  .27000000E+00  .47610019E-02  .15060006E-01  .17355007E-02  .18160208E-02
  23  .00000000E+00  .00000000E+00  .00000000E+00  .00000000E+00  .00000000E+00
  24  .00000000E+00  .00000000E+00  .00000000E+00  .00000000E+00  .71836719E+00
  25  .16410888E+02  .44672458E+01 -.34313109E+01  .20319136E-01  .69999999E+00
  26  .27000000E+00  .47610019E-02  .15060006E-01  .17355007E-02  .21075100E-02
  27  .00000000E+00  .00000000E+00  .00000000E+00  .00000000E+00  .00000000E+00
  28  .00000000E+00  .00000000E+00  .00000000E+00  .00000000E+00  .71763933E+00
  29  .16409552E+02  .44649986E+01 -.33812699E+01  .23462144E-01  .69999999E+00
  30  .27000000E+00  .47610019E-02  .15060006E-01  .17355007E-02  .24454438E-02
  31  .00000000E+00  .00000000E+00  .00000000E+00  .00000000E+00  .00000000E+00
  32  .00000000E+00  .00000000E+00  .00000000E+00  .00000000E+00  .71683094E+00
  33  .16408077E+02  .44625140E+01 -.33312352E+01  .27073483E-01  .69999999E+00
  34  .27000000E+00  .47610019E-02  .15060006E-01  .17355007E-02  .28371336E-02
  35  .00000000E+00  .00000000E+00  .00000000E+00  .00000000E+00  .00000000E+00
  36  .00000000E+00  .00000000E+00  .00000000E+00  .00000000E+00  .71593521E+00
  37  .16406450E+02  .44597665E+01 -.32812060E+01  .31218183E-01  .69999999E+00
  38  .27000000E+00  .47610019E-02  .15060006E-01  .17355007E-02  .32910175E-02
  39  .00000000E+00  .00000000E+00  .00000000E+00  .00000000E+00  .00000000E+00
  40  .00000000E+00  .00000000E+00  .00000000E+00  .00000000E+00  .71494459E+00
  41  .16404654E+02  .44567281E+01 -.32311813E+01  .35969018E-01  .69999999E+00
  42  .27000000E+00  .47610019E-02  .15060006E-01  .17355007E-02  .38168265E-02
  43  .00000000E+00  .00000000E+00  .00000000E+00  .00000000E+00  .00000000E+00
  44  .00000000E+00  .00000000E+00  .00000000E+00  .00000000E+00  .71385075E+00
  45  .16402673E+02  .44533677E+01 -.31811604E+01  .41407067E-01  .69999999E+00
  46  .27000000E+00  .47610019E-02  .15060006E-01  .17355007E-02  .44257736E-02
  47  .00000000E+00  .00000000E+00  .00000000E+00  .00000000E+00  .00000000E+00
  48  .00000000E+00  .00000000E+00  .00000000E+00  .00000000E+00  .71264451E+00
  49  .16400487E+02  .44496510E+01 -.31311425E+01  .47622217E-01  .69999999E+00
  50  .27000000E+00  .47610019E-02  .15060006E-01  .17355007E-02  .51307683E-02
  51  .00000000E+00  .00000000E+00  .00000000E+00  .00000000E+00  .00000000E+00
  52  .00000000E+00  .00000000E+00  .00000000E+00  .00000000E+00  .71131579E+00
  53  .16398076E+02  .44455397E+01 -.30811270E+01  .54713558E-01  .69999999E+00
  54  .27000000E+00  .47610019E-02  .15060006E-01  .17355007E-02  .59466582E-02
  55  .00000000E+00  .00000000E+00  .00000000E+00  .00000000E+00  .00000000E+00
  56  .00000000E+00  .00000000E+00  .00000000E+00  .00000000E+00  .70985361E+00
  57  .16395417E+02  .44409915E+01 -.30311133E+01  .62789614E-01  .69999999E+00
  58  .27000000E+00  .47610019E-02  .15060006E-01  .17355007E-02  .68905003E-02
  59  .00000000E+00  .00000000E+00  .00000000E+00  .00000000E+00  .00000000E+00
  60  .00000000E+00  .00000000E+00  .00000000E+00  .00000000E+00  .70824594E+00
  61  .16392486E+02  .44359594E+01 -.29811007E+01  .71968351E-01  .69999999E+00
  62  .27000000E+00  .47610019E-02  .15060006E-01  .17355007E-02  .79818659E-02
  63  .00000000E+00  .00000000E+00  .00000000E+00  .00000000E+00  .00000000E+00
  64  .00000000E+00  .00000000E+00  .00000000E+00  .00000000E+00  .70647970E+00
  65  .16389256E+02  .44303914E+01 -.29310887E+01  .82376885E-01  .69999999E+00
  66  .27000000E+00  .47610019E-02  .15060006E-01  .17355007E-02  .92431779E-02
  67  .00000000E+00  .00000000E+00  .00000000E+00  .00000000E+00  .00000000E+00
  68  .00000000E+00  .00000000E+00  .00000000E+00  .00000000E+00  .70454064E+00
  69  .16385695E+02  .44242296E+01 -.28810772E+01  .94150789E-01  .69999999E+00
  70  .27000000E+00  .47610019E-02  .15060006E-01  .17355007E-02  .10700086E-01
  71  .00000000E+00  .00000000E+00  .00000000E+00  .00000000E+00  .00000000E+00
  72  .00000000E+00  .00000000E+00  .00000000E+00  .00000000E+00  .70241327E+00
  73  .16381774E+02  .44174100E+01 -.28310656E+01  .10743289E+00  .69999999E+00
  74  .27000000E+00  .47610019E-02  .15060006E-01  .17355007E-02  .12381876E-01
  75  .00000000E+00  .00000000E+00  .00000000E+00  .00000000E+00  .00000000E+00
  76  .00000000E+00  .00000000E+00  .00000000E+00  .00000000E+00  .70008076E+00
  77  .16377455E+02  .44098613E+01 -.27810541E+01  .12237146E+00  .69999999E+00
  78  .27000000E+00  .47610019E-02  .15060006E-01  .17355007E-02  .14321917E-01
  79  .00000000E+00  .00000000E+00  .00000000E+00  .00000000E+00  .00000000E+00
  80  .00000000E+00  .00000000E+00  .00000000E+00  .00000000E+00  .69752483E+00
  81  .16372700E+02  .44015047E+01 -.27310428E+01  .13911758E+00  .69999999E+00
  82  .27000000E+00  .47610019E-02  .15060006E-01  .17355007E-02  .16558138E-01
  83  .00000000E+00  .00000000E+00  .00000000E+00  .00000000E+00  .00000000E+00
  84  .00000000E+00  .00000000E+00  .00000000E+00  .00000000E+00  .69472562E+00
  85  .16367468E+02  .43922524E+01 -.26810321E+01  .15782173E+00  .69999999E+00
  86  .27000000E+00  .47610019E-02  .15060006E-01  .17355007E-02  .19133535E-01
  87  .00000000E+00  .00000000E+00  .00000000E+00  .00000000E+00  .00000000E+00
  88  .00000000E+00  .00000000E+00  .00000000E+00  .00000000E+00  .69166151E+00
  89  .16361714E+02  .43820072E+01 -.26310228E+01  .17862919E+00  .69999999E+00
  90  .27000000E+00  .47610019E-02  .15060006E-01  .17355007E-02  .22096693E-01
  91  .00000000E+00  .00000000E+00  .00000000E+00  .00000000E+00  .00000000E+00
  92  .00000000E+00  .00000000E+00  .00000000E+00  .00000000E+00  .68830903E+00
  93  .16355388E+02  .43706615E+01 -.25810164E+01  .20167442E+00  .69999999E+00
  94  .27000000E+00  .47610019E-02  .15060006E-01  .17355007E-02  .25502312E-01
  95  .00000000E+00  .00000000E+00  .00000000E+00  .00000000E+00  .00000000E+00
  96  .00000000E+00  .00000000E+00  .00000000E+00  .00000000E+00  .68464258E+00
  97  .16348439E+02  .43580955E+01 -.25310149E+01  .22707413E+00  .69999999E+00
  98  .27000000E+00  .47610019E-02  .15060006E-01  .17355007E-02  .29411714E-01
  99  .00000000E+00  .00000000E+00  .00000000E+00  .00000000E+00  .00000000E+00
 100  .00000000E+00  .00000000E+00  .00000000E+00  .00000000E+00  .68063426E+00
 101  .16340809E+02  .43441771E+01 -.24810213E+01  .25491876E+00  .69999999E+00
 102  .27000000E+00  .47610019E-02  .15060006E-01  .17355007E-02  .33893304E-01
 103  .00000000E+00  .00000000E+00  .00000000E+00  .00000000E+00  .00000000E+00
 104  .00000000E+00  .00000000E+00  .00000000E+00  .00000000E+00  .67625259E+00
 105  .16332439E+02  .43287597E+01 -.24310396E+01  .28526346E+00  .69999999E+00
 106  .27000000E+00  .47610019E-02  .15060006E-01  .17355007E-02  .39022934E-01
 107  .00000000E+00  .00000000E+00  .00000000E+00  .00000000E+00  .00000000E+00
 108  .00000000E+00  .00000000E+00  .00000000E+00  .00000000E+00  .67146354E+00
 109  .16323262E+02  .43116727E+01 -.23810504E+01  .31813548E+00  .69999999E+00
 110  .27000000E+00  .47610019E-02  .15060006E-01  .17355007E-02  .44887268E-01
 111  .00000000E+00  .00000000E+00  .00000000E+00  .00000000E+00  .00000000E+00
 112  .00000000E+00  .00000000E+00  .00000000E+00  .00000000E+00  .66622862E+00
 113  .16313193E+02  .42927059E+01 -.23309883E+01  .35354553E+00  .69999999E+00
 114  .27000000E+00  .47610019E-02  .15060006E-01  .17355007E-02  .51589198E-01
 115  .00000000E+00  .00000000E+00  .00000000E+00  .00000000E+00  .00000000E+00
 116  .00000000E+00  .00000000E+00  .00000000E+00  .00000000E+00  .66049930E+00
 117  .16302175E+02  .42716845E+01 -.22809396E+01  .39133424E+00  .69999999E+00
 118  .27000000E+00  .47610019E-02  .15060006E-01  .17355007E-02  .59220812E-01
 119  .00000000E+00  .00000000E+00  .00000000E+00  .00000000E+00  .00000000E+00
 120  .00000000E+00  .00000000E+00  .00000000E+00  .00000000E+00  .65423876E+00
 121  .16290136E+02  .42483881E+01 -.22309145E+01  .43131443E+00  .69999999E+00
 122  .27000000E+00  .47610019E-02  .15060006E-01  .17355007E-02  .67890036E-01
 123  .00000000E+00  .00000000E+00  .00000000E+00  .00000000E+00  .00000000E+00
 124  .00000000E+00  .00000000E+00  .00000000E+00  .00000000E+00  .64739799E+00
 125  .16277001E+02  .42225758E+01 -.21809268E+01  .47321288E+00  .69999999E+00
 126  .27000000E+00  .47610019E-02  .15060006E-01  .17355007E-02  .77710793E-01
 127  .00000000E+00  .00000000E+00  .00000000E+00  .00000000E+00  .00000000E+00
 128  .00000000E+00  .00000000E+00  .00000000E+00  .00000000E+00  .63992290E+00
 129  .16262686E+02  .41939632E+01 -.21309572E+01  .51669801E+00  .69999999E+00
 130  .27000000E+00  .47610019E-02  .15060006E-01  .17355007E-02  .88809834E-01
 131  .00000000E+00  .00000000E+00  .00000000E+00  .00000000E+00  .00000000E+00
 132  .00000000E+00  .00000000E+00  .00000000E+00  .00000000E+00  .63174758E+00
 133  .16247065E+02  .41621474E+01 -.20808606E+01  .56146801E+00  .69999999E+00
 134  .27000000E+00  .47610019E-02  .15060006E-01  .17355007E-02  .10135432E+00
 135  .00000000E+00  .00000000E+00  .00000000E+00  .00000000E+00  .00000000E+00
 136  .00000000E+00  .00000000E+00  .00000000E+00  .00000000E+00  .62277334E+00
 137  .16230119E+02  .41267440E+01 -.20308337E+01  .60679988E+00  .69999999E+00
 138  .27000000E+00  .47610019E-02  .15060006E-01  .17355007E-02  .11543022E+00
 139  .00000000E+00  .00000000E+00  .00000000E+00  .00000000E+00  .00000000E+00
 140  .00000000E+00  .00000000E+00  .00000000E+00  .00000000E+00  .61277526E+00
 141  .16211791E+02  .40873450E+01 -.19808735E+01  .65193488E+00  .69999999E+00
 142  .27000000E+00  .47610019E-02  .15060006E-01  .17355007E-02  .13116244E+00
 143  .00000000E+00  .00000000E+00  .00000000E+00  .00000000E+00  .00000000E+00
 144  .00000000E+00  .00000000E+00  .00000000E+00  .00000000E+00  .60145394E+00
 145  .16191944E+02  .40434919E+01 -.19307613E+01  .69627474E+00  .69999999E+00
 146  .27000000E+00  .47610019E-02  .15060006E-01  .17355007E-02  .14875069E+00
 147  .00000000E+00  .00000000E+00  .00000000E+00  .00000000E+00  .00000000E+00
 148  .00000000E+00  .00000000E+00  .00000000E+00  .00000000E+00  .58863643E+00
 149  .16170670E+02  .39949808E+01 -.18808074E+01  .73888495E+00  .69999999E+00
 150  .27000000E+00  .47610019E-02  .15060006E-01  .17355007E-02  .16820336E+00
 151  .00000000E+00  .00000000E+00  .00000000E+00  .00000000E+00  .00000000E+00
 152  .00000000E+00  .00000000E+00  .00000000E+00  .00000000E+00  .57426744E+00
 153  .16147818E+02  .39409634E+01 -.18306839E+01  .77941064E+00  .69999999E+00
 154  .27000000E+00  .47610019E-02  .15060006E-01  .17355007E-02  .18975011E+00
 155  .00000000E+00  .00000000E+00  .00000000E+00  .00000000E+00  .00000000E+00
 156  .00000000E+00  .00000000E+00  .00000000E+00  .00000000E+00  .55808435E+00
 157  .16123554E+02  .38812003E+01 -.17807047E+01  .81702812E+00  .69999999E+00
 158  .27000000E+00  .47610019E-02  .15060006E-01  .17355007E-02  .21333498E+00
 159  .00000000E+00  .00000000E+00  .00000000E+00  .00000000E+00  .00000000E+00
 160  .00000000E+00  .00000000E+00  .00000000E+00  .00000000E+00  .53997550E+00
 161  .16097633E+02  .38145214E+01 -.17306055E+01  .85145022E+00  .69999999E+00
 162  .27000000E+00  .47610019E-02  .15060006E-01  .17355007E-02  .23912275E+00
 163  .00000000E+00  .00000000E+00  .00000000E+00  .00000000E+00  .00000000E+00
 164  .00000000E+00  .00000000E+00  .00000000E+00  .00000000E+00  .52770144E+00
 165  .16069906E+02  .37410779E+01 -.16805243E+01  .88219689E+00  .69999999E+00
 166  .27000000E+00  .47610019E-02  .15060006E-01  .17355007E-02  .26705413E+00
 167  .00000000E+00  .00000000E+00  .00000000E+00  .00000000E+00  .00000000E+00
 168  .00000000E+00  .00000000E+00  .00000000E+00  .00000000E+00  .51686696E+00
 169  .16040301E+02  .36603710E+01 -.16304716E+01  .90904510E+00  .69999999E+00
 170  .27000000E+00  .47610019E-02  .15060006E-01  .17355007E-02  .29708746E+00
 171  .00000000E+00  .00000000E+00  .00000000E+00  .00000000E+00  .00000000E+00
 172  .00000000E+00  .00000000E+00  .00000000E+00  .00000000E+00  .50550266E+00
 173  .16008797E+02  .35715122E+01 -.15804188E+01  .93194585E+00  .69999999E+00
 174  .27000000E+00  .47610019E-02  .15060006E-01  .17355007E-02  .32914987E+00
 175  .00000000E+00  .00000000E+00  .00000000E+00  .00000000E+00  .00000000E+00
 176  .00000000E+00  .00000000E+00  .00000000E+00  .00000000E+00  .49333611E+00
 177  .15975407E+02  .34742549E+01 -.15303429E+01  .95091212E+00  .69999999E+00
 178  .27000000E+00  .47610019E-02  .15060006E-01  .17355007E-02  .36311319E+00
 179  .00000000E+00  .00000000E+00  .00000000E+00  .00000000E+00  .00000000E+00
 180  .00000000E+00  .00000000E+00  .00000000E+00  .00000000E+00  .48045668E+00
 181  .15940062E+02  .33681200E+01 -.14802435E+01  .96610374E+00  .69999999E+00
 182  .27000000E+00  .47610019E-02  .15060006E-01  .17355007E-02  .39878341E+00
 183  .00000000E+00  .00000000E+00  .00000000E+00  .00000000E+00  .00000000E+00
 184  .00000000E+00  .00000000E+00  .00000000E+00  .00000000E+00  .47052413E+00
 185  .15902647E+02  .32527391E+01 -.14301361E+01  .97791697E+00  .69999999E+00
 186  .27000000E+00  .47610019E-02  .15060006E-01  .17355007E-02  .43589867E+00
 187  .00000000E+00  .00000000E+00  .00000000E+00  .00000000E+00  .00000000E+00
 188  .00000000E+00  .00000000E+00  .00000000E+00  .00000000E+00  .46136658E+00
 189  .15863160E+02  .31272109E+01 -.13800336E+01  .98683311E+00  .69999999E+00
 190  .27000000E+00  .47610019E-02  .15060006E-01  .17355007E-02  .47413525E+00
 191  .00000000E+00  .00000000E+00  .00000000E+00  .00000000E+00  .00000000E+00
 192  .00000000E+00  .00000000E+00  .00000000E+00  .00000000E+00  .45187694E+00
 193  .15821659E+02  .29913796E+01 -.13299448E+01  .99335865E+00  .69999999E+00
 194  .27000000E+00  .47610019E-02  .15060006E-01  .17355007E-02  .51311823E+00
 195  .00000000E+00  .00000000E+00  .00000000E+00  .00000000E+00  .00000000E+00
 196  .00000000E+00  .00000000E+00  .00000000E+00  .00000000E+00  .44206932E+00
 197  .15778328E+02  .28453437E+01 -.12799892E+01  .99798085E+00  .69999999E+00
 198  .27000000E+00  .47610019E-02  .15060006E-01  .17355007E-02  .55235427E+00
 199  .00000000E+00  .00000000E+00  .00000000E+00  .00000000E+00  .00000000E+00
 200  .00000000E+00  .00000000E+00  .00000000E+00  .00000000E+00  .43182239E+00
 201  .15735113E+02  .26948127E+01 -.12321066E+01  .10010351E+01  .69999999E+00
 202  .27000000E+00  .47610019E-02  .15060006E-01  .17355007E-02  .58990475E+00
 203  .00000000E+00  .00000000E+00  .00000000E+00  .00000000E+00  .00000000E+00
 204  .00000000E+00  .00000000E+00  .00000000E+00  .00000000E+00  .42101182E+00
 205  .15693375E+02  .25440968E+01 -.11872794E+01  .10029692E+01  .69999999E+00
 206  .27000000E+00  .47610019E-02  .15060006E-01  .17355007E-02  .62465514E+00
 207  .00000000E+00  .00000000E+00  .00000000E+00  .00000000E+00  .00000000E+00
 208  .00000000E+00  .00000000E+00  .00000000E+00  .00000000E+00  .40941948E+00
 209  .15653094E+02  .23933228E+01 -.11450024E+01  .10042001E+01  .69999999E+00
 210  .27000000E+00  .47610019E-02  .15060006E-01  .17355007E-02  .65677678E+00
 211  .00000000E+00  .00000000E+00  .00000000E+00  .00000000E+00  .00000000E+00
 212  .00000000E+00  .00000000E+00  .00000000E+00  .00000000E+00  .39766249E+00
 213  .15613983E+02  .22422728E+01 -.11049051E+01  .10049851E+01  .69999999E+00
 214  .27000000E+00  .47610019E-02  .15060006E-01  .17355007E-02  .68642039E+00
 215  .00000000E+00  .00000000E+00  .00000000E+00  .00000000E+00  .00000000E+00
 216  .00000000E+00  .00000000E+00  .00000000E+00  .00000000E+00  .39142280E+00
 217  .15575731E+02  .20915087E+01 -.10666968E+01  .10054857E+01  .69999999E+00
 218  .27000000E+00  .47610019E-02  .15060006E-01  .17355007E-02  .71373822E+00
 219  .00000000E+00  .00000000E+00  .00000000E+00  .00000000E+00  .00000000E+00
 220  .00000000E+00  .00000000E+00  .00000000E+00  .00000000E+00  .38574525E+00
 221  .15538102E+02  .19407934E+01 -.10300058E+01  .10058073E+01  .69999999E+00
 222  .27000000E+00  .47610019E-02  .15060006E-01  .17355007E-02  .73898324E+00
 223  .00000000E+00  .00000000E+00  .00000000E+00  .00000000E+00  .00000000E+00
 224  .00000000E+00  .00000000E+00  .00000000E+00  .00000000E+00  .38099117E+00
 225  .15501062E+02  .17902754E+01 -.99471736E+00  .10060133E+01  .69999999E+00
 226  .27000000E+00  .47610019E-02  .15060006E-01  .17355007E-02  .76224952E+00
 227  .00000000E+00  .00000000E+00  .00000000E+00  .00000000E+00  .00000000E+00
 228  .00000000E+00  .00000000E+00  .00000000E+00  .00000000E+00  .37709931E+00
 229  .15464554E+02  .16399819E+01 -.96071074E+00  .10061450E+01  .69999999E+00
 230  .27000000E+00  .47610019E-02  .15060006E-01  .17355007E-02  .78365275E+00
 231  .00000000E+00  .00000000E+00  .00000000E+00  .00000000E+00  .00000000E+00
 232  .00000000E+00  .00000000E+00  .00000000E+00  .00000000E+00  .37401089E+00
 233  .15428333E+02  .14896799E+01 -.92772458E+00  .10062297E+01  .69999999E+00
 234  .27000000E+00  .47610019E-02  .15060006E-01  .17355007E-02  .80340497E+00
 235  .00000000E+00  .00000000E+00  .00000000E+00  .00000000E+00  .00000000E+00
 236  .00000000E+00  .00000000E+00  .00000000E+00  .00000000E+00  .37195099E+00
 237  .15392276E+02  .13393138E+01 -.89565519E+00  .10062838E+01  .69999999E+00
 238  .27000000E+00  .47610019E-02  .15060006E-01  .17355007E-02  .82162149E+00
 239  .00000000E+00  .00000000E+00  .00000000E+00  .00000000E+00  .00000000E+00
 240  .00000000E+00  .00000000E+00  .00000000E+00  .00000000E+00  .37103094E+00
 241  .15356301E+02  .11889956E+01 -.86445772E+00  .10063182E+01  .69999999E+00
 242  .27000000E+00  .47610019E-02  .15060006E-01  .17355007E-02  .83838698E+00
 243  .00000000E+00  .00000000E+00  .00000000E+00  .00000000E+00  .00000000E+00
 244  .00000000E+00  .00000000E+00  .00000000E+00  .00000000E+00  .37138989E+00
 245  .15320241E+02  .10386300E+01 -.83398752E+00  .10063399E+01  .69999999E+00
 246  .27000000E+00  .47610019E-02  .15060006E-01  .17355007E-02  .85384139E+00
 247  .00000000E+00  .00000000E+00  .00000000E+00  .00000000E+00  .00000000E+00
 248  .00000000E+00  .00000000E+00  .00000000E+00  .00000000E+00  .37200488E+00
 249  .15284059E+02  .88826747E+00 -.80420924E+00  .10063537E+01  .69999999E+00
 250  .27000000E+00  .47610019E-02  .15060006E-01  .17355007E-02  .86806542E+00
 251  .00000000E+00  .00000000E+00  .00000000E+00  .00000000E+00  .00000000E+00
 252  .00000000E+00  .00000000E+00  .00000000E+00  .00000000E+00  .37346048E+00
 253  .15247641E+02  .73788312E+00 -.77508224E+00  .10063624E+01  .69999999E+00
 254  .27000000E+00  .47610019E-02  .15060006E-01  .17355007E-02  .88114175E+00
 255  .00000000E+00  .00000000E+00  .00000000E+00  .00000000E+00  .00000000E+00
 256  .00000000E+00  .00000000E+00  .00000000E+00  .00000000E+00  .37633408E+00
 257  .15210728E+02  .58748047E+00 -.74650938E+00  .10063679E+01  .69999999E+00
 258  .27000000E+00  .47610019E-02  .15060006E-01  .17355007E-02  .89317593E+00
 259  .00000000E+00  .00000000E+00  .00000000E+00  .00000000E+00  .00000000E+00
 260  .00000000E+00  .00000000E+00  .00000000E+00  .00000000E+00  .38120064E+00
 261  .15187988E+02  .49626507E+00 -.72943633E+00  .10063702E+01  .69999999E+00
 262  .27000000E+00  .47610019E-02  .15060006E-01  .17355007E-02  .90000000E+00
 263  .00000000E+00  .00000000E+00  .00000000E+00  .00000000E+00  .00000000E+00
 264  .00000000E+00  .00000000E+00  .00000000E+00  .00000000E+00  .38596462E+00
   .7000000E+00   .7000000E+00   .7000000E+00   .7000000E+00   .7000000E+00
   .7000000E+00   .7000000E+00   .7000000E+00   .7000000E+00   .7000000E+00
   .7000000E+00   .7000000E+00   .7000000E+00   .7000000E+00   .7000000E+00
   .7000000E+00   .7000000E+00   .7000000E+00   .7000000E+00   .7000000E+00
   .7000000E+00   .7000000E+00   .7000000E+00   .7000000E+00   .7000000E+00
   .7000000E+00   .7000000E+00   .7000000E+00   .7000000E+00   .7000000E+00
   .7000000E+00   .7000000E+00   .7000000E+00   .7000000E+00   .7000000E+00
   .7000000E+00   .7000000E+00   .7000000E+00   .7000000E+00   .7000000E+00
   .7000000E+00   .7000000E+00   .7000000E+00   .7000000E+00   .7000000E+00
   .7000000E+00   .7000000E+00   .7000000E+00   .7000000E+00   .7000000E+00
   .7000000E+00   .7000000E+00   .7000000E+00   .7000000E+00   .7000000E+00
   .7000000E+00   .7000000E+00   .7000000E+00   .7000000E+00   .7000000E+00
   .7000000E+00   .7000000E+00   .7000000E+00   .7000000E+00   .7000000E+00
   .7000000E+00
   .2700000E+00   .2700000E+00   .2700000E+00   .2700000E+00   .2700000E+00
   .2700000E+00   .2700000E+00   .2700000E+00   .2700000E+00   .2700000E+00
   .2700000E+00   .2700000E+00   .2700000E+00   .2700000E+00   .2700000E+00
   .2700000E+00   .2700000E+00   .2700000E+00   .2700000E+00   .2700000E+00
   .2700000E+00   .2700000E+00   .2700000E+00   .2700000E+00   .2700000E+00
   .2700000E+00   .2700000E+00   .2700000E+00   .2700000E+00   .2700000E+00
   .2700000E+00   .2700000E+00   .2700000E+00   .2700000E+00   .2700000E+00
   .2700000E+00   .2700000E+00   .2700000E+00   .2700000E+00   .2700000E+00
   .2700000E+00   .2700000E+00   .2700000E+00   .2700000E+00   .2700000E+00
   .2700000E+00   .2700000E+00   .2700000E+00   .2700000E+00   .2700000E+00
   .2700000E+00   .2700000E+00   .2700000E+00   .2700000E+00   .2700000E+00
   .2700000E+00   .2700000E+00   .2700000E+00   .2700000E+00   .2700000E+00
   .2700000E+00   .2700000E+00   .2700000E+00   .2700000E+00   .2700000E+00
   .2700000E+00
