 MASS (IN MSUN)=  1.000
 X=  .740 Y=  .240
 L=   100.
 GUESSED PERIOD=  2.540000E+02 SEC
 NTRY=  1 EIG=  6.1191670E-04 DEIG=  8.85717E-07
 NTRY=  2 EIG=  6.1280241E-04 DEIG=  6.26759E-09
 NTRY=  3 EIG=  6.1280868E-04 DEIG= -9.82628E-11
 FINAL VALUES: PERIOD=   2.538151E+02 EIG=  6.128085834E-04
 10 NODES IN Y1    10 NODES IN Y2 
     PHASE DIAGRAM MODE -10
                   2(N, R/R* ,  Y1  ,  Y2)
   2   .027549  1.2552E+07  3.3507E+06   3   .035025  1.2685E+07  3.3679E+06
   4   .040407  1.2711E+07  3.3969E+06   5   .044804  1.2735E+07  3.4213E+06
   6   .048615  1.2758E+07  3.4436E+06   7   .052033  1.2779E+07  3.4647E+06
   8   .055169  1.2800E+07  3.4851E+06   9   .058092  1.2820E+07  3.5050E+06
  10   .060850  1.2839E+07  3.5247E+06  11   .063476  1.2859E+07  3.5442E+06
  12   .065994  1.2878E+07  3.5637E+06  13   .068425  1.2897E+07  3.5832E+06
  14   .070782  1.2916E+07  3.6029E+06  15   .073078  1.2935E+07  3.6227E+06
  16   .075322  1.2954E+07  3.6427E+06  17   .077523  1.2972E+07  3.6629E+06
  18   .079686  1.2991E+07  3.6834E+06  19   .081818  1.3010E+07  3.7042E+06
  20   .083924  1.3029E+07  3.7253E+06  21   .086008  1.3049E+07  3.7468E+06
  22   .088073  1.3068E+07  3.7687E+06  23   .090124  1.3087E+07  3.7910E+06
  24   .092162  1.3107E+07  3.8137E+06  25   .094192  1.3127E+07  3.8369E+06
  26   .096214  1.3147E+07  3.8607E+06  27   .098232  1.3167E+07  3.8849E+06
  28   .100248  1.3188E+07  3.9097E+06  29   .102262  1.3208E+07  3.9351E+06
  30   .104278  1.3229E+07  3.9611E+06  31   .106296  1.3250E+07  3.9878E+06
  32   .108318  1.3272E+07  4.0151E+06  33   .110346  1.3293E+07  4.0432E+06
  34   .112381  1.3315E+07  4.0719E+06  35   .114424  1.3338E+07  4.1015E+06
  36   .116477  1.3360E+07  4.1318E+06  37   .118540  1.3383E+07  4.1630E+06
  38   .120615  1.3406E+07  4.1951E+06  39   .122703  1.3430E+07  4.2280E+06
  40   .124805  1.3453E+07  4.2620E+06  41   .126921  1.3477E+07  4.2969E+06
  42   .129054  1.3502E+07  4.3329E+06  43   .131205  1.3527E+07  4.3700E+06
  44   .133373  1.3552E+07  4.4082E+06  45   .135560  1.3578E+07  4.4476E+06
  46   .137768  1.3604E+07  4.4882E+06  47   .139996  1.3630E+07  4.5302E+06
  48   .142247  1.3657E+07  4.5735E+06  49   .144520  1.3684E+07  4.6182E+06
  50   .146818  1.3712E+07  4.6644E+06  51   .149141  1.3740E+07  4.7122E+06
  52   .151489  1.3769E+07  4.7616E+06  53   .153865  1.3798E+07  4.8127E+06
  54   .156269  1.3828E+07  4.8656E+06  55   .158702  1.3858E+07  4.9204E+06
  56   .161165  1.3889E+07  4.9771E+06  57   .163659  1.3920E+07  5.0359E+06
  58   .166185  1.3952E+07  5.0969E+06  59   .168745  1.3984E+07  5.1602E+06
  60   .171339  1.4017E+07  5.2258E+06  61   .173981  1.4050E+07  5.2944E+06
  62   .176649  1.4083E+07  5.3653E+06  63   .179354  1.4118E+07  5.4388E+06
  64   .182099  1.4153E+07  5.5152E+06  65   .184885  1.4189E+07  5.5947E+06
  66   .187712  1.4226E+07  5.6774E+06  67   .190583  1.4263E+07  5.7636E+06
  68   .193499  1.4301E+07  5.8533E+06  69   .196460  1.4340E+07  5.9469E+06
  70   .199470  1.4380E+07  6.0444E+06  71   .202528  1.4420E+07  6.1462E+06
  72   .205638  1.4462E+07  6.2524E+06  73   .208800  1.4504E+07  6.3634E+06
  74   .212016  1.4547E+07  6.4794E+06  75   .215288  1.4591E+07  6.6007E+06
  76   .218617  1.4636E+07  6.7275E+06  77   .222006  1.4681E+07  6.8603E+06
  78   .225457  1.4728E+07  6.9994E+06  79   .228972  1.4776E+07  7.1452E+06
  80   .232552  1.4825E+07  7.2980E+06  81   .236200  1.4874E+07  7.4583E+06
  82   .239918  1.4925E+07  7.6265E+06  83   .243709  1.4977E+07  7.8032E+06
  84   .247575  1.5029E+07  7.9888E+06  85   .251518  1.5083E+07  8.1839E+06
  86   .255541  1.5137E+07  8.3890E+06  87   .259647  1.5192E+07  8.6048E+06
  88   .263839  1.5248E+07  8.8319E+06  89   .268119  1.5304E+07  9.0710E+06
  90   .272491  1.5361E+07  9.3229E+06  91   .276958  1.5418E+07  9.5882E+06
  92   .281522  1.5475E+07  9.8678E+06  93   .286188  1.5532E+07  1.0162E+07
  94   .290959  1.5589E+07  1.0473E+07  95   .295838  1.5644E+07  1.0801E+07
  96   .300830  1.5699E+07  1.1146E+07  97   .305937  1.5752E+07  1.1510E+07
  98   .311165  1.5803E+07  1.1893E+07  99   .316517  1.5852E+07  1.2297E+07
 100   .321997  1.5897E+07  1.2723E+07 101   .327610  1.5938E+07  1.3171E+07
 102   .333360  1.5974E+07  1.3642E+07 103   .339253  1.6004E+07  1.4137E+07
 104   .345292  1.6027E+07  1.4657E+07 105   .351482  1.6042E+07  1.5201E+07
 106   .357830  1.6047E+07  1.5771E+07 107   .364339  1.6040E+07  1.6366E+07
 108   .371014  1.6021E+07  1.6986E+07 109   .377863  1.5987E+07  1.7630E+07
 110   .384888  1.5936E+07  1.8296E+07 111   .392097  1.5865E+07  1.8984E+07
 112   .399494  1.5774E+07  1.9691E+07 113   .407085  1.5658E+07  2.0412E+07
 114   .414876  1.5516E+07  2.1144E+07 115   .422873  1.5344E+07  2.1880E+07
 116   .431080  1.5140E+07  2.2615E+07 117   .439503  1.4901E+07  2.3340E+07
 118   .448147  1.4624E+07  2.4045E+07 119   .457019  1.4307E+07  2.4719E+07
 120   .466122  1.3946E+07  2.5347E+07 121   .475463  1.3541E+07  2.5916E+07
 122   .485044  1.3088E+07  2.6408E+07 123   .494872  1.2589E+07  2.6805E+07
 124   .504949  1.2041E+07  2.7086E+07 125   .515279  1.1447E+07  2.7232E+07
 126   .525866  1.0807E+07  2.7221E+07 127   .536711  1.0127E+07  2.7034E+07
 128   .547817  9.4089E+06  2.6651E+07 129   .559184  8.6607E+06  2.6058E+07
 130   .570812  7.8897E+06  2.5244E+07 131   .582701  7.1054E+06  2.4204E+07
 132   .594850  6.3182E+06  2.2940E+07 133   .607254  5.5398E+06  2.1464E+07
 134   .619910  4.7824E+06  1.9798E+07 135   .632811  4.0582E+06  1.7974E+07
 136   .645951  3.3789E+06  1.6033E+07 137   .659320  2.7550E+06  1.4026E+07
 138   .672906  2.1947E+06  1.2008E+07 139   .686695  1.7042E+06  1.0038E+07
 140   .700671  1.2864E+06  8.1728E+06 141   .714814  9.4098E+05  6.4637E+06
 142   .729098  6.6481E+05  4.9504E+06 143   .743495  4.5188E+05  3.6594E+06
 144   .757968  2.9417E+05  2.6009E+06 145   .772470  1.8242E+05  1.7699E+06
 146   .786943  1.0704E+05  1.1473E+06 147   .801303  5.8884E+04  7.0402E+05
 148   .815427  2.9953E+04  4.0543E+05 149   .829108  1.3713E+04  2.1665E+05
 150   .842154  5.4314E+03  1.0652E+05 151   .854548  1.7200E+03  4.7247E+04
 152   .866295  3.2238E+02  1.8183E+04 153   .877399 -6.2612E+01  5.6207E+03
 154   .887867 -9.1608E+01  1.0821E+03 155   .897706 -4.3972E+01 -1.0841E+02
 156   .906926 -8.5228E+00 -1.9782E+02 157   .915541  3.9794E+00 -7.8058E+01
 158   .923563  4.0115E+00 -1.4558E+00 159   .931009  1.1572E+00  1.5806E+01
 160   .937896 -5.0904E-01  8.3110E+00 161   .944243 -6.6314E-01 -2.7684E-02
 162   .950072 -2.0948E-01 -2.6160E+00 163   .955404  1.3898E-01 -1.5076E+00
 164   .960265  1.8878E-01  9.5615E-02 165   .964680  6.5224E-02  7.1952E-01
 166   .968680 -5.5500E-02  4.6323E-01 167   .972294 -8.6184E-02 -2.7665E-02
 168   .975556 -3.9024E-02 -2.8792E-01 169   .978497  2.5761E-02 -2.3153E-01
 170   .981141  5.6308E-02 -2.1911E-02 171   .983505  3.9840E-02  1.4315E-01
 172   .985603 -2.4109E-03  1.7079E-01 173   .987450 -4.0308E-02  8.4255E-02
 174   .989075 -5.2811E-02 -3.9176E-02 175   .990506 -3.3424E-02 -1.2584E-01
 176   .991776  9.2790E-03 -1.3501E-01 177   .992907  5.4919E-02 -6.7420E-02
 178   .993921  7.9622E-02  4.1358E-02 179   .994830  6.6127E-02  1.3901E-01
 180   .995648  1.1055E-02  1.7810E-01 181   .996385 -7.2130E-02  1.3327E-01
 182   .997050 -1.5466E-01  1.0306E-02 183   .997650 -1.9885E-01 -1.5348E-01
 184   .998187 -1.6861E-01 -2.9775E-01 185   .998663 -4.2259E-02 -3.5575E-01
 186   .999007  1.3217E-01 -3.0215E-01 187   .999259  3.1205E-01 -1.8093E-01
 188   .999444  4.7353E-01 -3.3470E-02 189   .999581  6.0724E-01  1.1312E-01
 190   .999684  7.1181E-01  2.4507E-01 191   .999761  7.8958E-01  3.5757E-01
 192   .999819  8.4498E-01  4.4990E-01 193   .999863  8.8417E-01  5.2343E-01
 194   .999896  9.1299E-01  5.7727E-01 195   .999923  9.3543E-01  6.1372E-01
 196   .999945  9.5360E-01  6.3966E-01 197   .999962  9.6856E-01  6.5982E-01
 198   .999977  9.8098E-01  6.7601E-01 199   .999990  9.9133E-01  6.8928E-01
 200  1.000000  1.0000E+00  7.0029E-01
