#  .70000  .27000
    1-4.94-4.94-4.94-4.88-4.82-4.73-4.64-4.53-4.42-4.32-4.21-4.09-3.97-3.86-3.74-3.63-3.52-3.40-3.29-3.18-3.06-2.95-2.83-5.54-4.60-4.60-4.60-4.60-4.60-4.60-4.60
    2-4.73-4.72-4.71-4.64-4.57-4.46-4.35-4.23-4.10-3.98-3.86-3.72-3.58-3.44-3.31-3.17-3.04-2.90-2.77-2.64-2.50-2.37-2.23-5.32-4.41-4.41-4.41-4.41-4.41-4.41-4.41
    3-4.53-4.51-4.48-4.41-4.32-4.20-4.07-3.93-3.78-3.64-3.50-3.33-3.17-3.01-2.86-2.70-2.55-2.39-2.24-2.09-1.93-1.78-1.62-5.09-4.23-4.23-4.23-4.23-4.23-4.23-4.23
    4-4.44-4.41-4.38-4.31-4.21-4.08-3.91-3.69-3.44-3.17-2.91-2.67-2.45-2.28-2.12-1.96-1.79-1.63-1.46-1.30-1.13 -.97 -.81-4.87-4.05-4.05-4.05-4.05-4.05-4.05-4.05
    5-4.31-4.29-4.28-4.24-4.10-3.92-3.68-3.39-3.07-2.73-2.40-2.11-1.86-1.66-1.48-1.29-1.10 -.91 -.72 -.53 -.34 -.15  .00-4.65-3.87-3.87-3.87-3.87-3.87-3.87-3.87
    6-4.13-4.14-4.15-4.12-3.94-3.68-3.37-3.04-2.69-2.35-2.03-1.72-1.45-1.21 -.99 -.76 -.53 -.30 -.08  .15  .38  .61  .66-4.43-3.70-3.70-3.70-3.70-3.70-3.70-3.70
    7-3.96-3.99-4.03-3.92-3.71-3.39-3.03-2.69-2.35-2.04-1.73-1.43-1.13 -.86 -.60 -.33 -.06  .20  .47  .74 1.01 1.26 1.06-4.21-3.52-3.52-3.52-3.52-3.52-3.52-3.52
    8-3.31-3.40-3.50-3.52-3.37-3.12-2.82-2.51-2.17-1.82-1.47-1.13 -.80 -.51 -.24  .05  .33  .61  .89 1.17 1.46 1.72 1.25-3.99-3.34-3.34-3.34-3.34-3.34-3.34-3.34
    9-2.63-2.79-2.95-2.98-2.93-2.78-2.55-2.28-1.96-1.59-1.21 -.84 -.50 -.20  .08  .37  .66  .96 1.25 1.54 1.83 2.08 1.39-3.77-3.16-3.16-3.16-3.16-3.16-3.16-3.16
   10-1.90-2.06-2.23-2.37-2.39-2.27-2.06-1.81-1.53-1.23 -.91 -.58 -.26  .05  .36  .67  .98 1.29 1.60 1.91 2.22 2.45 1.51-3.55-2.98-2.98-2.98-2.98-2.98-2.98-2.98
   11-1.27-1.39-1.50-1.61-1.66-1.56-1.39-1.18 -.96 -.72 -.47 -.20  .09  .38  .68  .97 1.28 1.58 1.88 2.18 2.47 2.66 1.61-3.33-2.80-2.80-2.80-2.80-2.80-2.80-2.80
   12 -.79 -.79 -.78 -.79 -.80 -.73 -.62 -.47 -.30 -.10  .11  .33  .56  .81 1.06 1.32 1.59 1.85 2.12 2.38 2.64 2.78 1.71-3.11-2.62-2.62-2.62-2.62-2.62-2.62-2.62
   13 -.40 -.32 -.24 -.16 -.08 -.01  .07  .19  .33  .49  .67  .86 1.06 1.29 1.52 1.76 2.01 2.25 2.49 2.73 2.96 3.01 1.82-2.89-2.44-2.44-2.44-2.44-2.44-2.44-2.44
   14 -.44 -.26 -.08  .18  .42  .59  .74  .86  .97 1.10 1.24 1.39 1.56 1.76 1.97 2.18 2.40 2.62 2.83 3.05 3.25 3.19 1.92-2.66-2.26-2.26-2.26-2.26-2.26-2.26-2.26
   15 -.47 -.28 -.08  .22  .55  .89 1.19 1.39 1.54 1.66 1.77 1.90 2.05 2.21 2.38 2.58 2.78 2.97 3.17 3.36 3.52 3.35 2.02-2.44-2.08-2.08-2.08-2.08-2.08-2.08-2.08
   16 -.47 -.40 -.32  .01  .43  .86 1.28 1.62 1.90 2.09 2.24 2.37 2.50 2.63 2.78 2.95 3.12 3.31 3.49 3.67 3.80 3.49 2.12-2.22-1.90-1.90-1.90-1.90-1.90-1.90-1.90
   17 -.47 -.47 -.46 -.18  .24  .68 1.14 1.59 2.00 2.31 2.56 2.74 2.88 3.01 3.14 3.28 3.44 3.60 3.78 3.97 4.07 3.62 2.23-2.00-1.72-1.72-1.72-1.72-1.72-1.72-1.72
   18 -.47 -.47 -.47 -.26  .09  .49  .93 1.42 1.90 2.33 2.69 2.96 3.16 3.32 3.45 3.58 3.72 3.87 4.04 4.23 4.30 3.73 2.33-1.78-1.54-1.54-1.54-1.54-1.54-1.54-1.54
   19 -.47 -.47 -.47 -.30 -.04  .29  .70 1.19 1.71 2.22 2.68 3.04 3.32 3.54 3.71 3.85 3.98 4.12 4.28 4.43 4.43 3.80 2.43-1.56-1.36-1.36-1.36-1.36-1.36-1.36-1.36
   20 -.47 -.47 -.47 -.35 -.15  .15  .53 1.01 1.53 2.07 2.58 3.01 3.37 3.66 3.89 4.07 4.21 4.36 4.50 4.57 4.49 3.86 2.52-1.34-1.19-1.19-1.19-1.19-1.19-1.19-1.19
   21 -.47 -.47 -.47 -.39 -.23  .03  .38  .83 1.34 1.89 2.43 2.91 3.33 3.71 4.02 4.24 4.41 4.58 4.70 4.70 4.53 3.92 2.62-1.12-1.01-1.01-1.01-1.01-1.01-1.01-1.01
   22 -.47 -.47 -.47 -.40 -.26 -.04  .27  .69 1.18 1.73 2.28 2.79 3.26 3.69 4.06 4.34 4.57 4.78 4.92 4.94 4.72 4.02 2.72 -.90 -.83 -.83 -.83 -.83 -.83 -.83 -.83
   23 -.47 -.47 -.47 -.40 -.28 -.10  .17  .56 1.04 1.57 2.13 2.66 3.17 3.64 4.06 4.41 4.69 4.94 5.11 5.14 4.87 4.11 2.82 -.68 -.65 -.65 -.65 -.65 -.65 -.65 -.65
   24 -.47 -.47 -.47 -.41 -.29 -.14  .09  .46  .91 1.43 1.99 2.53 3.05 3.56 4.02 4.43 4.77 5.06 5.27 5.32 5.00 4.19 2.93 -.46 -.47 -.47 -.47 -.47 -.47 -.47 -.47
   25 -.47 -.47 -.47 -.42 -.32 -.18  .03  .38  .82 1.33 1.88 2.42 2.95 3.46 3.95 4.40 4.79 5.11 5.35 5.41 5.08 4.27 3.03 -.24 -.29 -.29 -.29 -.29 -.29 -.29 -.29
   26 -.47 -.47 -.47 -.44 -.36 -.23 -.02  .32  .75 1.26 1.80 2.33 2.86 3.38 3.88 4.34 4.76 5.10 5.34 5.39 5.09 4.33 3.12 -.01 -.11 -.11 -.11 -.11 -.11 -.11 -.11
   27 -.47 -.47 -.47 -.46 -.40 -.28 -.07  .26  .68 1.18 1.72 2.24 2.76 3.28 3.78 4.26 4.68 5.05 5.30 5.32 5.07 4.38 3.22  .21  .07  .07  .07  .07  .07  .07  .07
   28 -.47 -.47 -.47 -.47 -.44 -.32 -.12  .20  .60 1.10 1.63 2.14 2.65 3.16 3.67 4.15 4.58 4.95 5.20 5.22 5.00 4.42 3.32  .43  .25  .25  .25  .25  .25  .25  .25
   29 -.47 -.47 -.47 -.49 -.47 -.36 -.16  .14  .52 1.00 1.52 2.02 2.52 3.04 3.54 4.01 4.44 4.82 5.07 5.06 4.88 4.43 3.41  .65  .43  .43  .43  .43  .43  .43  .43
   30 -.47 -.47 -.47 -.49 -.48 -.39 -.23  .01  .35  .80 1.31 1.82 2.34 2.87 3.39 3.87 4.30 4.67 4.92 4.93 4.81 4.45 3.51  .87  .61  .61  .61  .61  .61  .61  .61
   31 -.47 -.47 -.47 -.49 -.48 -.42 -.30 -.11  .17  .60 1.10 1.61 2.15 2.70 3.22 3.71 4.14 4.50 4.76 4.80 4.73 4.46 3.60 1.09  .79  .79  .79  .79  .79  .79  .79
   32 -.47 -.47 -.47 -.48 -.47 -.44 -.36 -.22  .01  .39  .87 1.39 1.94 2.50 3.04 3.54 3.97 4.34 4.59 4.68 4.66 4.47 3.69 1.31  .97  .97  .97  .97  .97  .97  .97
   33 -.47 -.47 -.47 -.48 -.47 -.46 -.41 -.30 -.09  .25  .68 1.18 1.72 2.29 2.85 3.36 3.81 4.19 4.47 4.58 4.59 4.44 3.77 1.53 1.15 1.15 1.15 1.15 1.15 1.15 1.15
   34 -.47 -.47 -.47 -.47 -.47 -.47 -.44 -.35 -.17  .12  .51  .98 1.50 2.07 2.64 3.17 3.65 4.05 4.35 4.49 4.52 4.39 3.82 1.75 1.32 1.32 1.32 1.32 1.32 1.32 1.32
   35 -.47 -.47 -.47 -.47 -.47 -.49 -.47 -.39 -.23  .01  .34  .78 1.29 1.85 2.43 2.98 3.48 3.91 4.23 4.39 4.43 4.30 3.84 1.97 1.50 1.20  .71 -.27-1.20-2.29-3.39
   36 -.47 -.47 -.47 -.47 -.47 -.48 -.49 -.46 -.40 -.30 -.13  .16  .56 1.07 1.63 2.22 2.76 3.21 3.54 3.74 3.82 3.79 3.65 2.79 2.20 1.75 1.19  .24 -.70-1.77-2.86
   37 -.47 -.47 -.47 -.47 -.47 -.47 -.47 -.47 -.47 -.44 -.37 -.22  .02  .38  .83 1.36 1.91 2.39 2.77 3.01 3.15 3.18 3.18 3.11 2.78 2.27 1.67  .74 -.19-1.25-2.33
   38 -.47 -.47 -.47 -.47 -.47 -.47 -.47 -.48 -.48 -.48 -.46 -.42 -.31 -.14  .13  .54 1.02 1.53 1.99 2.31 2.54 2.64 2.71 2.83 2.91 2.69 2.15 1.25  .32 -.74-1.81
   39 -.47 -.47 -.47 -.47 -.47 -.47 -.47 -.47 -.47 -.47 -.47 -.47 -.45 -.41 -.29 -.06  .27  .70 1.17 1.60 1.96 2.19 2.36 2.52 2.70 2.81 2.55 1.74  .81 -.24-1.29
   40 -.47 -.47 -.47 -.47 -.47 -.47 -.47 -.47 -.47 -.47 -.47 -.47 -.46 -.46 -.42 -.36 -.22  .06  .43  .92 1.40 1.77 2.06 2.23 2.36 2.52 2.57 2.12 1.29  .26 -.79
   41 -.47 -.47 -.47 -.47 -.47 -.47 -.47 -.47 -.47 -.47 -.47 -.47 -.47 -.47 -.47 -.45 -.39 -.26 -.03  .34  .77 1.23 1.64 1.89 2.05 2.16 2.24 2.22 1.70  .75 -.30
   42 -.47 -.47 -.47 -.47 -.47 -.47 -.47 -.47 -.47 -.47 -.47 -.47 -.47 -.47 -.47 -.47 -.44 -.40 -.30 -.10  .19  .59 1.01 1.31 1.53 1.65 1.74 1.89 1.84 1.18  .19
   43 -.47 -.47 -.47 -.47 -.47 -.47 -.47 -.47 -.47 -.47 -.47 -.47 -.47 -.47 -.48 -.48 -.47 -.47 -.43 -.37 -.23  .01  .30  .59  .85 1.01 1.15 1.33 1.50 1.41  .65
   44 -.48 -.48 -.48 -.48 -.48 -.48 -.48 -.48 -.48 -.48 -.48 -.48 -.48 -.48 -.48 -.48 -.48 -.48 -.48 -.47 -.44 -.35 -.21 -.02  .20  .39  .57  .74  .93 1.15  .97
   45 -.48 -.48 -.48 -.48 -.48 -.48 -.48 -.48 -.48 -.48 -.48 -.48 -.48 -.48 -.48 -.48 -.48 -.48 -.48 -.48 -.47 -.46 -.43 -.35 -.24 -.09  .07  .22  .41  .66  .86
   46 -.49 -.49 -.49 -.49 -.49 -.49 -.49 -.49 -.49 -.49 -.49 -.49 -.49 -.49 -.49 -.49 -.49 -.49 -.49 -.49 -.49 -.49 -.49 -.47 -.43 -.35 -.26 -.15 -.01  .20  .43
   47 -.50 -.50 -.50 -.50 -.50 -.50 -.50 -.50 -.50 -.50 -.50 -.50 -.50 -.50 -.50 -.50 -.50 -.50 -.50 -.50 -.50 -.50 -.50 -.50 -.49 -.47 -.43 -.37 -.28 -.14  .03
   48 -.51 -.51 -.51 -.51 -.51 -.51 -.51 -.51 -.51 -.51 -.51 -.51 -.51 -.51 -.51 -.51 -.51 -.51 -.51 -.51 -.51 -.51 -.51 -.52 -.52 -.52 -.50 -.48 -.44 -.36 -.26
   49 -.53 -.53 -.53 -.53 -.53 -.53 -.53 -.53 -.53 -.53 -.53 -.53 -.53 -.53 -.53 -.53 -.53 -.53 -.53 -.53 -.53 -.53 -.53 -.53 -.53 -.53 -.53 -.53 -.51 -.49 -.43
   50 -.56 -.56 -.56 -.56 -.56 -.56 -.56 -.56 -.56 -.56 -.56 -.56 -.56 -.56 -.56 -.56 -.56 -.56 -.56 -.56 -.56 -.56 -.56 -.56 -.56 -.56 -.56 -.56 -.56 -.55 -.53
   51 -.61 -.61 -.61 -.61 -.61 -.61 -.61 -.61 -.61 -.61 -.61 -.61 -.61 -.61 -.61 -.61 -.61 -.61 -.61 -.61 -.61 -.61 -.61 -.61 -.61 -.61 -.61 -.61 -.61 -.60 -.60
